$ 1 0.000005 10.20027730826997 50 5 43 5e-11
v 560 304 560 176 0 0 40 600 0 0 0.5
s 560 176 480 176 0 0 false
r 480 176 416 176 0 10
c 416 176 416 304 0 0.00001 599.9969385846507 0.001
w 416 304 560 304 0
f 288 256 352 256 32 1.5 0.02
w 352 272 352 304 0
w 352 304 416 304 0
r 352 240 352 176 0 10000
w 352 176 416 176 0
z 288 304 288 256 2 default-zener
w 352 304 288 304 0
r 288 256 288 176 0 2000000
w 288 176 352 176 0
407 144 256 224 256 1
w 240 256 288 256 0
w 240 288 240 304 0
w 240 304 288 304 0
g 144 288 144 320 0 0
r 144 256 96 256 0 3000
L 96 256 48 256 0 1 false 30 0
r 688 48 688 96 0 68000
r 688 96 688 144 0 68000
r 688 192 688 240 0 68000
r 688 144 688 192 0 68000
r 688 240 688 304 0 4700
w 560 64 560 176 0
w 688 240 768 240 0
S 640 48 560 48 0 1 false 0 2
v 624 304 624 176 0 0 40 60 0 0 0.5
w 624 176 624 16 0
w 624 16 560 16 0
w 560 32 560 16 0
w 560 304 624 304 0
w 624 304 688 304 0
w 864 240 944 240 0
r 864 240 864 304 0 10000
r 864 192 864 240 0 51000
w 688 304 816 304 0
v 816 304 816 192 0 0 40 5 0 0 0.5
w 816 192 864 192 0
w 864 304 816 304 0
w 768 240 768 96 0
w 768 96 944 96 0
w 944 96 944 208 0
401 944 224 1024 224 1 8\s15\s-15\s1000000\s0.8197484895473792\s0.8181790563980357\s100000 0\s20\s10000000000 1\s0
w 1024 224 1056 224 0
r 1056 224 1056 160 0 1000
R 1056 160 1056 128 0 0 40 5 0 0 0.5
g 1056 224 1056 272 0 0
r 688 48 640 48 0 68000
